7

I
4
4 4

0 255 255

0 0 0 0
1 1 1 1
0 0 0 0
0 0 0 0

0 0 1 0
0 0 1 0
0 0 1 0
0 0 1 0

0 0 0 0
0 0 0 0
1 1 1 1
0 0 0 0

0 1 0 0
0 1 0 0
0 1 0 0
0 1 0 0

J
4
3 3

0 0 255

1 0 0
1 1 1
0 0 0

0 1 1
0 1 0
0 1 0

0 0 0
1 1 1
0 0 1

0 1 0
0 1 0
1 1 0

L
4
3 3

255 128 0

0 0 1
1 1 1
0 0 0

0 1 0
0 1 0
0 1 1

0 0 0
1 1 1
1 0 0

1 1 0
0 1 0
0 1 0

O
1
3 4

255 255 0

0 1 1 0
0 1 1 0
0 0 0 0

S
4
3 3

0 255 0

0 1 1
1 1 0
0 0 0

0 1 0
0 1 1
0 0 1

0 0 0
0 1 1
1 1 0

1 0 0
1 1 0
0 1 0

T
4
3 3

255 0 255

0 1 0
1 1 1
0 0 0

0 1 0
0 1 1
0 1 0

0 0 0
1 1 1
0 1 0

0 1 0
1 1 0
0 1 0

Z
4
3 3

255 0 0

1 1 0
0 1 1
0 0 0

0 0 1
0 1 1
0 1 0

0 0 0
1 1 0 
0 1 1

0 1 0
1 1 0
1 0 0

//char
//num_state
//h w
//color
//shape[h][w]
